325,639,732,242,132,122,811,183,258,82,577,486,815,685
180,463,396,436,230,586,715,618,769,597,931,378,966,74,265,884,26,201
860,148,413,670,654,916,257,94,12,884,938,183
622
673,192,55,278,861,826,277,820,209,838,839,737,532,557,50,794,896
622,661,763,324,616,326,860,204,62,662,183,295,69,794,949,518
108,71,880,100,675,444,598,121,527,111,85,496,417,857,900,140,318,133
713,295,305,694,224,441,897,557,616,540,890,595,170,642,484,216,852,525,18,97
906,191,974,581
677,888,340,741,148,579,171,686,315,958,648,627,780
581,729,3,634,361,926,944,917,749,620
931,709,868,230,47,879,918,888,621,588,177
45,739,311,764,79,265,5
642,373,86,890,157,988,222
311,483,734,646,167,390,285,707,877
415,473,471,784,497,573,7,237,396,590,225,598,952,19,467,166,979,717,115
515
855,648,350,845,61,772,504,550,25,321,890,516,584,960,433,297,888,877,991,510
362,915,655
553,159,155
908,157,179,236,814,294,182,188,478,78,433,488
438,324,28,16,900,346,139,320,542,49,701
70,586,505,590,636,853,345,497,393,509,477,869,290,840,691,926,391,740
718,591,85,268,30,13,239,208,975,660,237,366,210,514
793,828,428,850,254,177,182,735,232,839,111
443,341,649,485,577,211,112,684,168,884,7,753,251,974,210
8,763,653,478,527,154,936,45,683,824,556,609,257,53,689
706,88,269,616,6,739,628,611,428,38,210,528,220,691,381,173
808,230,950,398,412,408,880,504,791,147,456,459,703,56,836
720,800,783,583,482,70,609,668,543,84,446,819,170,694,860,870,556
283,5,459,46
465,421,71,495,967,322,233,958,462,165,334
127,200,426,815,739,255,743,829,656,773,909,133,553,918,916,297,197,401,826
661,474,94,94,540,539,286,857,666,537,274
260
397,101,150,97
464,955,556,489,169,123,915,44,143
172
154,486,361,778,601,495,844,713,898
813,69,350,179,826,328,974,102,754,779,380,370,848,345,361,979,485,549,47
13,508,981,130
571,14,508,607,747,950,817,159,81,786,105,177,279,120
825,377,863,944
697,962,942,51,293,299,677,135
318
273,681,493,918,13,498,702,331,821,570
986,720,848,341,941
30,163,283,756,291,892,501,211,535,287,984,896,941,416,481,751,168,322
143,554,235,278,207,317,536,736
959,526,445,217,103,923,14,189,451
916,660,758,635,878
126,289,292,384,313,559,285,67,969,83,119,623
333,330,356,596,891,479,969,488,585
730,33,352,694,387
54,851,189,257,790,687,340,236,650,22,598,12,638,298,882,813,406,86,488
624,138,519,661
856,510,425,541,128,542,317,737,450,326,495
260,408,212,102,837,715,546,814,490,774,918,792,379,254,662,403,25,907,434,323
602,481,113,589,121,273,582,51,362,651,758,620,556,193,551,15,938
991,8,559,371,623,749,22,818,375,167,226,806,40
661,71,709,218,945,38,489,731,992,934,689,784,864,851,175,944,859
224,145,268,597,948,92,132,609,929,319,84,391,718,356,972,568,669,449
239,274,731,112,401,618,661,768,804,886,202,108,409
374,560,845,472,254,472,118,117,697,621,594,627,505,434,153,444,978,587
91,716,661,875,767,370,45,377,567,18,535,769,938,256,949,352,110,996,459,660
661,10,831,971,50,18,566,983,827,905,636,763,537
632,133,295,911,665,99,838,954,251,780,37,885,722,207,118,558,248,911
369,270,816
253,542,827,291
292,781,514,175,291,932,97,577,245,528,423,238,743,610
976,769,657,552
789,964,927,100,916,676,656,973,121,694,961,395,413,43,519,361,662,526,604
771,165,759,691,195,920,793
261,814,678,592,813,228,932,290,857,516,972,588,935
50,179,197,972,936,703,786,673,709,704,712,362,12
272,319,940,855,714,29,884,487,868,485,363,647,662,728,487
129,64
799,732,541,656,792,106,836,118,493,146
489,475,805,859,792,615,679,35,675,464,651
321,526,96,544,99,373,952,718,277,927,452,635,117,160,314,887,510,577,210,58
426,519,544,157,772,368
253,432,58,293,170,172,26,402,971,185,341,40,903,217,834,203,561,985,173
641,877,862,304,782,142,934,450,388,180,71
726,169,91,298,802,952,859,542,868,637,277,299,851,347,352,353,308,594,938
459
1000,930,785,281,925,783,572,488,435,798,129,183,6,881
662,569,48
927,69,900,98,827,968,52,609,195
549,982,973,445,573,373,318,826,816,677,999,824
524,741,802,287,225,254,233,460,699
542,632,54,124,438,217
113,616,203,175,691,619,454,724,76,309
556,886,794,96,298,948,484,634,394,411,336,694,923,854,651,515,957,219
621,128
595,901,331,759,372
173,687,933,936,170,334,796
955,153,48,501,995,66,416,834,278,41,374,658,559,32
228,471
480,131,421
324,114,800,534,427,465,606,171,934
67,702,663,846,426,544,204,846
597,64,830,884,517
855,951,378,159,660,38
693,73,395,854,865,101,628,919,777,738,657,797,916
723,266,854,325,433,512,372,111,525,105
577,209,506,783,559,867,816,8
8,372,324,125,851,471,357,827,426,250,288,800,69,636
376,118,589,546,152,918,314,890,731,641,119,693,506,193
656,888,605,348,469,401,142,201,271,369,660,790,984
398,100,804,480,414,997,49,651,127,795,653,334
770,931,280,62,796,26,75,227,677
135,216,372,31,920,99,94,89,417,855,148,611,71,146,265,996,330,564,283,482
799,154,145,581,40,15,872,996,496,264,956,624,146,881,783,406,897,998,785
27,873,958,842,227,32,617,893
471,4,787,984,290,308,963,209,697,652,165,953
849,577,137,492,358,278,597
745,68,4,970,474,578,972,946,519,238,556,445,870,932,397,117,902,671,581
250,256,400,386,931,551,8
792,522,29,435,778,600,387,597,389,636,787,993,853,169,598,59,858,590,285,848
867,605,869,394,188,825
864,914,293,297,907,31,871,963,711,577,253,891,820,289,632
202,850,105,8,13,188,456,214,390,834
938,441,125,952,882
957,67,883,17,905,814,984,913,782,159,746,666,782,425,524,751,54,841,700,135
25,982
221,706,502,60,656,374,703,630,199,616,442,915,920,943,566,567,537
373,578,35,387,300,45,67,912,574
469,254,308,797,604,934
851
69,133,942,390,513,475,422,719,425,795,636,799,61,967,686,432,68
817,97,852,511,777,110,331,626,38
511,248,939,677,157,329,326,861,683,534,757
563,288,1000,745,828
352,342,993,593,158,240,844,568,510,281
714,436,111,971,195,943,143,503,539,809,116,811,266,632
613,15,49,134,520,265,811,645
965,387,899,441,861,54,47,185,398,621,96,957
969,534,504,549,551,990,399,238,724,5,619,577,569,456,195,190,50
502,370,493,906,53,702,705,645,644,9,728,71,538,745,783
533,169,280,373,809
420,946,933,823,240,599,551,976,215,70,506,324,987,174,495,930
712,769,898
996,443,615,648,634,683,317,266,1000,597,988,578,671,230,528
167,264,797,510,965,357,96,962,109,720,446,324,357
440,618,331
709,700,903,616,930,599,78,730,196,364
225,250,860,137,546,798,930,833,54,234,647,823,530,912,71
632,304,499,305,975,607,384,365,568,732
795,894,815,560,997,590,180,174,901,760,191,701,889,639,886,646,533,250,719
853,974,498,852,815,122,66,354,192,32,155,835,580,504,432,757,594,985,876,915
633,890,487,858,678,821,572,456,355,335,90,982,243,740,504
140,826,141,179
449,660,908,381,764
290,122,794,196
30,699,177,310,681,502,251,916,63,499,959,138,293,267,486,418,556,215,968,402
718,747,390,156
390,342,490,784,324,277,731
13,158,726,99,328,105,14,468,933,119,898,678
482,961,921,720,663,881
411,246,768,373,518
7,40,590,228,1000,995,850,12,62,795,856,749,452,512,149,501,969,899,605,792
688,417,330,165,203
489,532,988,530,820,255,590
929,279,630,480,80,332,858,208,281,15,874,156,522,134
121,314,628
417
515,778,725,590,283,176,699,573,537,778,563,648,577,343,673,744
136,337,77,643,915,430,742,854,663,193,198,641,444
479,936,574,763,788,344,557,56
151,387
642
283,176,294,725,751,89,776,331,646
231,243,479,19,643,827,363,802,101,161,706,376,437,396
108,175,812,852,743,155,646,650,164,217,784
414,664,13,392
590,473,111,52,64,663,126,860,113,583,121,467,345,22,601,770,34,944,136,401
918,591,772,760,730,353,105
794,553,942,285,468,334
149,550,992,479,885,766,94,513,406,927,537,997,931,444,14,799,189,165,879,462
489,248,990,561,621,311,582,335,17,337,886,511,365,405,520,15,331,679,278
929,129,432,557,454,418,478,67,880
662,68,750,646,768,304,460,512,928,246,99,10,251,118,71,672,192,923
608,998,894,315,964,27,830
136,404,218,504,866,244
621,954,935,921,906,625,602,443,124,803,330
695,395,422,546,688,524,834
989,631,212,164,37
898,770,495,852,983,248,838,416,74,641,518,512
681,710,118,151,763,553,914,534,639
576,396,89,257,128
716,177,745,170,280,189,544,338,840,823,276,994,47,49,259,192,881,408,782
616,51,861,681,59,769,199,657,956,506,580,613,530,936,139,487,665,233,281
479,352,952,209,530,833,671,337,89,30,458,122,356,36,585,242
936,717,930,131,388,695,461,397,427,438,295,859,296,489,69,94,704,243
60,261,154,529,414,156
126,13,824,843,325,640,721,564,641,348,873,838,218,533,753,70,911,442,681
985,679,486,120,377,345,604,953,795,232,397
141,23,683,908,920,994,451,703,630,704,965,332,968
977,611,153
158,593,719,880,709
315,519,167,969,615,132,90,607,60,870,398,141,808,576
30,439,610,213,521,240,913,707
759,404
22,85,690,593,980,268,313
254,744,856,803,477,832,86,722,940,985,743
435,260,838,337
272,880,794,266,237
497,562,808,698,494,861,872,678,344
417,358,915,178,762,966,846,539,873,386,841,523,468,157
117,89,955,602,124,35,589,737,149,630,223,966
365,914,211,489,815,161,322,179,789,569,318,881,300,272,566,40,730,28
229
876,56,807,507,265,220,842,619,830,719,729,994,701,248,618,397,284
914,516,186,541,703,790,163,663,301,547,501,321,603
309,765,319,807,278,839,523,86,228,239,448,497,109,28
62,855,406
692,413,756,624,963,998,127,105,582
341,603,838,240,282,556,123,947,643,208,6,61,426,303,687,818
439,432,393,188,78,355,981,997,19,441,166
150,151,307,424,401
750,534
973,655,318,210,951,151,144
490,797,926,433,803,800,307,609,337,208,18,747,505
515,26,150,646,328,251,587,226,685
156,795,185,873,997,414,998,276,162,861,603
525,766,203
665,654,53,302,149,761,89
922,184,279,218,999
489,941,546,743,638,281,116,492,662,814,318,461,376,3,575
441,302,924,847,597,626,333,218,534
235,689,792,143,530,1000
26,991,605,474,244,466,896,212,848,226
513,494,403
939,309,617,112,313,969,718
869,213,946,255,893,54
512,818,963,563,386,638,218,714,310,828,219,746,99,743,92,604,34,513,21
204,595,657,962,735,453,306,758,13,7,833,294,647,728,766,896,85,389,833,964
138,5,73,135,413,850,771,811,377,900,155,320,80,414,188,41
365
882,408,424,846,471,863,351,950,190,760,864,482
54,592,673
125
392,432,993,268,589,934,862,529,560,950,514,90
409,749,799,524,668,956,32,807,919,819,44,278
109,665,728,377,960,907,912,966,233,223,963,831,326,257,975
762,989,634,532,503,336
26,864,482,546,698,12
862,504,429,147,164,242,28,126,675
164,633,48,398,138,353,818,334,194,596,964,260,531
420,272,678,138
30,628,2,881,99,119,252,724,341,60,836,994,513,83,413,520,751,364,326
574,49,282,725,3,294
859,652,761,410,373,506,553
881,863,103,646,364,391,753,355,566,479,665,585,938,536,680,259,125,347,611,341
335,770
376,793,282,313,582,991,446,144,305,864,713,974
174,228,639,497,339,287,977,568,568,459,718,305,335
94,923,939,310,115,384,166,397,406,60,961,21
887
466,477,275,40,257,549,731,841,59,349
750,65,893,389,217,583,171,323
6,837,700,664,768
740,10,628,727,197,24,778,933,349,739,601,943,145,96,81,815,828,56,371,729
478,775,318
64,637,772,211,268,129,785,623,174
408,347,28,450,120,870,771,215,778,373,419,689,814,667,92
59,505,670,106
452,750,820,800,443,806,418,5,468,540,369,693,34,446,225,369,150,374,964
790,752,424,32,772,437,220,449,931,957,126,694,320,78,496
105,606,29,876,451,101,650,106,837,675
822,636,985,594,860,651,987,587,888
813,966,659,285
381,767,220,657,204,863,199,713,538,917,543,872,546
238,987,315,624,932,331,803,113,701,460,794,832,938,111,750
124,569
61,906,178,718,713,459,517,486,769,159,300,786,194
709,909,846
334,208,7,133,79,154,627,801
456,705,608
928,927,652
890,898,532,136,475,659,168,98,385,741,218
502,822,870,838,789,842,711,838,200,42
587,134,310,601,254,365,233,195,42,216,662,525,747,425
927,500,444,429,647
786
248,452,71,23,6,790,335,736,907,692,285,228,465,58,603,440,286,649,407,274
133,326,404,561,73,42,495,339,610,420,955,241,647,648
378,880,446
365,325,821
347,102,670,193,10,349,391,341,322,60,572,130,873,80,511
116,440,610,388,668,904,392,548,880,611,90,310,709,301,496,52,745,204,670
718,84,316,977,572,878,199,215,813,782,96,420,147,216
476,847,192,266,814,97,727,808,170,675,31,412,531,433,658,530,615
419,349,47,738,283,520,906,120,734,184,557,744,175,1
818,459,109,745,54,496,490,835,455,358,577
7,408,127
144,865,183
113,543,841,99,496,141,9,794,9,460,791,957,873,808,25,552,855,902,755,236
436,196,919,102,765,100
497,192,662,320,776,545
586,846,834,422,414,29,58,474,160,71,269,854,281,714
769,781,997,970,802,468,143,379,907,686
183,106,729,305,195,690,180,970,420,641,732,69,198,893,565,885,530,127,332
390,581,573,65,306,692,957,404,80,35,583,900,968,115,227,593,241,583,946
861,781,389,756,291,308,94,372,424,909
893,582,33,428,811,656,70,872,106,735,210,701,893,974,403
381,922,605
343,611,757,788,967
853,295,402,326,786,721,25,938,915,380,532,822,675,18,928,172
977,7
4,877,317,800,139,329,141,375,796,982,411,374,996,358,621,489
25,151,857,163,439,591,25,541,29,101
980,379,924,631,93,204,905,903,785,809,375,139
483,841,619,121
70,189,49,876,857,932,721,346
800,528,321,499,390,903,778,686,755,525,63,185,100
93,995,213,121,856,327,534,757,971,280,509,881,214,240,574,142
242,631,889,390,892,489,693,418,500,911,580,4,179
374,675,33,167,711,175,445,49,513,348,612,52,542,218,600,322,689,526
808,465,639,183,277,707,728,576,523
450,842,116,91,547,62,906,872,501,234,496,315
970,173,299,694,244,936,550,723,484,536,83,105,627
273,222,658,713,729,626
588,818,931,835,849,77,634,380,251,263
163,209,663,944,533,184,294,622,93,412,78,641,835,842,613,781,558,136
886,285,277,853,784,5,947,797,734,277,281,77,797,149,841
316,808,423,536,934,308,571,72
130,795,78,792,203,586,460,53,894,341,690,877,666,806
468,582,88,883,588
151,443,304,513,165,7,614,57,762
83,270,327,67,326,583,924,681,485,505,606,477,280,450,738,663,514,997,908
797,55,179,22,59,120,221,430,988
586,919,105,523,525,74,561,631,127,132,121,169,561,45,789
379,574,383,961,31,318,993,903,112
376,273,957,751,58,315,760,802,796,692,59,797,440,11
781
774,230,823,718,768,22,135,366,33,649,92,666,970,608,867
747,248,589,475,123,235,805,697,780,358,446,525,695,226,810,105
726,543,991,750,238,241,281,317,956,185,791,829,813,53,464,224,3
253,733,342,64,390,658,919,623,789,562,522,763,344,924,884,888,568,973
632,93,158,59,90,128,556,549
971,495,913,775,120,224,181,704,249,30,668,716,621,591,431,502
209,699,959,924
205,949,635,668,366,124,45,180,239,158,526,839,787,244,66,187,287
760,3,591,912,481,504,740,345,185,52,57,840,535,35,608,270,421,608,440
224,883,558,708,76
193,62,481,759,934,326
37,87,967,854,612,336,901,143,976,948,136,57,589,889,790
827,721,42,986,378,340,443,32,368,795,463,448,87,52,434,258,188
996,136,685,696,150,447,96
449,920,68,512,217,167,529,352,97,219,653
370,189,118,783,819,251,994,255,8,894,231,838,388,127,587
466,847,407,887
102,56,710,430,367,773,557,651,399,379,886,550,909,379,839
527,141,264,442,247,17,807,498,500,856,969,629
301,235,86,525,390,860,242,506,688
987,111,512,602,748,161,693,598,26,194
77,787,121,628,48
452,849,851,598,992,836,783,89,886,168
578,603,682,740
838,924,314,500,397,537,331,765,1000
358,111,395,923
936,456,231,789,202,417,216
466,249,818
50,92,873,225,728,13,817,866,946,881,131,100,37,636,265,487,895,27,973
529,209,827,623,691,632,771,829
927,528,651,930,981,4,379
191,245,699,663,187,59,268,412,591,283,506,171,276,674,28,818,699,805
796,251,85,382,601,322,822,710,901,924,383,759,662,674,542,84,55,914
266,723,96,397,288,92,812,322,233,495,780,213,889,469
70,774,523
752,905,64,809,914,714,402,945,736,760,120,464
603,639,663,794,170,965,987,758
396
160,634,272
504,722,774,914,347,637,749,554,163,84,639,822,956,855,27
749,326,887,913,477,130,983,519,601,960,901,557
26,46,734,714,216
280,209,971,91,761,980,439,933,441,665,769,638
593,398
369,109,414,818,941,546,916,62,235,484,187
685,697,112,336,810,277,980,433,66,545
349,163,786,478,602,763,815,337,60,278,96,66,401
653
600,388,753,768,632,472,412,785,649,630,887,821,51
932
618,595
347,976,732,224,222,345,169,83,353,806,25,108,932,810,354
39,15
413,855,517,879,506,994,693,807,129,305,772,941,664,536,145
215,434
144,274,886,821,407,763,804,765,910
7,593,701,785,129,169,80,193,335,62,464,668,717,615
36,921,567,809,642,423,199,736,86
913,374
873,576,176,579,316,787,221,206,659,51,606,595,79,663,880
813,743,512,445,209,375,112
897,393,218,603,5
587,294,82,663,298,249,273,326,148,746,738
960,748,898,335,178,818,921,610,230,661,451,16,939
509,218,448,418,742,748,710,531
63,279,373,580,492,948,947,109,822,10,124,458,271,381
914,845,963,297,12
338,296,126,877,121,226,403,79,633,809,3,830,360,449,701
695,589,633,102,708,394,367
553,802,540,557,114,591,846,908,421
270,175,439,290,727,989,157,828,911,731,472,153
242,234,941,289,460,156,420,370,701,189,113,207,199,724,389,715
435,163,951,719,566
834,751,242,97
587,551,584,259,519,305
904,760
106,885,877
462,617,473
780,628,831,931,64,425,928,861,160,970,823,565,779
409,161,493,690,345
767,219,701,590,159,523,517,568,622,221
275,322,545,94,237,77,491,101,895,333,476,751,146,858,621,952,508,476
975,906,312,592,883,769,180,589
545,1000,122,138,470
375,219
881,594,689,964,391,944,817,762,339,669,110,715,538,855
921,163
875,182,382,905,508,6,459,121
20,126,509,147,176,673,444,146,417,7,960,341,885,200,782,861,754,32,292
173,589,840,763,882,769,357,855
875,763,61,592,532,398,667,459
560
502,670,306,85,285,934,884,453
600,957,630,390,50,794,133,592,382,37,631,916,649,704
993,196,75
417
885,495,88,787,285,617,324,772,243
909,964,498,403,765,810,609,248,801
628,154,737
669,668,945,475,730,185,286
446,655,743,160,230,199,930,374,942
658,544,133,89,935,706,435,468,12,371,923,674,377,356,985,34,83
618,583,924,724,696,290,870,828,579,50,267,835,757,527,655,618,967,719
722,146,617,824,315,336,662,950,847,317,802,544,548,271,232,336,126,339
494,875,708,814,304,471,124,208,463,297,250,246,435,651,801,608,166,37,171,305
508,149,372,412,943,486,443,870,540
171,727,700
75,134,645,431,695,91,435,933,473,565,887,440,736,256
10,357,724,182,666,294,932,728,710,785
937
818,190,803,321,908,598,319,791,70,731,22,941
777,779,756,30,656,917,845,635,231,917
278,382
551,271,865,109
419,180,235,888,482,143
340,153,646,557,839,526,222,317,889,723,108
151,154,953,856,654,781,24,362,60,951,214
375
942,77
364,908,764,87
672,99,879,374,551,852,538,687,339,394,642
913,163,25,453,680,616,359,912,126,930,948,609,599,233,489,238
908,426,516,914,807,859,167,53,45,782
996,946,671,552
597,831,265
93,406,961
173,171,307,988,30,279,176,152,606,129,15,72,776,428
293,43,708,41,998,660,509,55,75,970,719
146,445,277,561,746,452,377,247,521,91
739,74,318,708,549,674,899,573
494,818
449,374,966,838,396,794,253,746,993,49,100,990,229,987,834,438,875,380
924,361,1,780,14,236,593,986,849,737,986,488,314,33,727
234,952,530,355,922,386,869,409,155,120,771,238,150,916,636,463,527,332
226,341,776,760,80,389,289,557,855,397,743
657,11,536,216,598,743,761,27,874,583,92,942,967,79,175,371,576,941,179,368
230,968
774,570,192
578,50,23,395,394,709,120,914,878,731,687,776,261,588,227
193,316,897,741,320,8,803,683,44,346,112,47,178,316,850,147,994,142
501,438,699,920,97,635,978,5,917
211,602,236,575,865,339,491,345,443,975,639,60,266,329,424,792,546
281
397,761,223,631
775,892,859,7,386,612,278,890,747,183,166,330,970,688,675,60,734,434
967,573,19,55,84,599,1000,431
133,528,871,318,104,872,563,72
666,48,686,563,618,507,533,286,1000,910,185,130,412,702,75,83,460
610,737,124
74
777,815
950,497
214,283,935,291,338,958,816,202,672,219,529
643,722,29,571,16,538,713,32,532,322,923,504,512,605,739,297,811,464,315,431
143,695,865,200,295,266,258,291,234,843
619,779,685,981,325,758,695,427,980
250,334,927,791,172,668,723,678
84,703,147,20,71,934,308,232,925,810,59,122,121,824,852,395
97,50,338,249,576,434,6,895,355,362,73,614,184,272
152,935,121,193,392,12,429,530
628,211
680,139,717,632,999,682,197,453,861,74
632,144,664,478,412,273,767,132,862,969,317,952
347,489,252,435,96,791,455,864,318,950
