1;12;1
1;36;3
1;1000;10,100,500
5;880;1,3,9,27,243,729
3;997;10,11,12,13,14,16,82,83,84,85,720,730,740,750,760,770
6;160;2,1,10,9,1,3,4,5,2
46;147;10,9,9,8,5,2,3,1,5
31;105;10,6,4,10,1,1,8,7,3
42;113;9,8,10,5,3,4,10,4,10
33;179;2,8,7,9,1,10,6,5,4
33;144;3,5,5,4,7,9,2,5,2
36;170;1,6,5,9,5,7,8,1,9
15;127;1,9,7,2,10,4,3,9,10
44;107;10,4,4,7,2,1,8,1,8
62;134;6,4,8,3,7,7,3,3,4
79;170;6,1,6,3,6,4,5,10,5
35;180;1,10,9,7,1,2,4,5,2
51;191;2,3,10,1,4,7,10,6,10
34;108;4,7,10,2,1,4,9,1,3
51;192;4,3,9,3,5,6,1,1,1
54;119;9,5,2,4,9,7,6,6,1
61;113;2,1,10,4,1,7,2,4,1
14;158;10,4,6,2,10,6,10,3,7
40;153;5,4,6,2,4,3,4,8,2
1;174;10,9,4,8,5,2,7,1,1
82;134;1,8,5,5,6,5,7,7,4
87;197;10,6,4,7,9,1,8,7,5
8;174;9,1,2,4,9,1,7,3,8
68;105;5,9,7,5,7,6,3,4,3
42;149;6,6,2,7,8,1,9,3,2
91;121;3,4,5,8,9,7,3,10,3
90;148;1,6,5,10,8,10,10,10,4
20;171;4,7,8,3,9,6,2,3,4
60;164;5,4,9,2,4,1,6,2,7
49;168;9,2,8,6,9,7,2,5,6
71;178;4,1,1,8,7,10,1,10,1
82;180;2,3,3,1,9,3,6,6,1
36;112;10,5,8,1,5,4,5,6,6
19;134;6,7,10,5,9,9,5,4,9
15;170;6,8,3,8,3,2,10,2,5
50;122;4,9,5,8,6,5,7,8,7
89;164;9,3,4,2,5,6,7,4,7
35;145;6,10,7,1,7,3,1,1,10
53;100;9,9,4,7,4,10,6,7,7
33;190;9,10,2,7,1,4,7,10,2
68;163;8,6,9,2,6,1,1,9,5
86;200;5,3,10,4,1,3,4,9,10
87;172;4,9,3,7,10,9,5,1,2
59;177;2,2,9,5,9,7,8,10,2
6;106;8,5,7,3,5,1,5,4,10
17;192;4,6,9,9,2,10,9,2,9
39;114;3,9,7,10,7,3,3,5,7
52;114;4,10,9,3,10,7,4,7,1
63;196;3,10,5,2,2,8,2,10,6
18;162;10,3,8,3,5,2,8,10,9
42;178;6,4,10,8,7,8,2,5,2
62;151;9,2,5,2,3,10,10,2,8
71;113;1,6,8,2,3,9,2,10,8
99;169;4,5,4,5,7,1,3,8,6
68;127;2,10,1,10,10,7,10,5,3
46;137;10,9,1,7,10,1,4,8,6
56;132;3,8,2,9,10,5,5,7,6
36;120;7,3,6,2,2,6,9,7,1
82;165;2,10,5,3,7,2,9,10,2
89;185;6,9,8,5,3,7,5,3,10
37;127;6,8,8,5,7,9,1,8,9
84;187;9,6,10,5,1,9,10,6,10
9;148;9,1,3,8,2,7,3,7,1
70;149;5,5,5,1,5,10,7,10,7
57;156;7,2,3,7,3,3,2,1,3
93;152;10,10,1,1,6,10,2,4,4
91;146;1,7,6,10,9,7,9,1,4
88;102;9,6,10,5,4,4,4,5,8
13;108;2,7,9,1,1,3,5,3,4
71;100;1,9,3,4,9,7,10,1,3
33;188;10,8,7,3,5,3,7,6,1
19;141;8,10,1,9,4,9,8,10,10
75;124;1,9,6,8,10,9,3,6,4
39;178;8,6,8,10,6,5,8,10,2
27;108;6,1,10,8,3,9,7,7,9
11;108;4,2,1,9,6,3,2,3,8
4;102;1,1,7,4,1,10,5,10,10
15;102;7,9,7,10,7,2,1,8,2
31;130;1,8,10,4,4,9,2,3,2
52;191;10,2,10,5,9,3,9,2,3
30;152;1,9,8,1,6,3,1,5,9
57;108;2,7,6,9,1,4,3,5,8
38;146;1,3,3,1,1,9,7,5,9
12;114;1,9,2,1,7,8,6,5,5
16;117;6,4,6,9,7,3,4,10,10
88;175;5,10,9,10,1,4,2,1,3
30;145;9,6,1,4,2,6,3,8,3
77;139;2,9,8,7,2,9,5,4,7
1;170;9,4,7,9,7,3,1,3,10
3;136;1,10,2,4,9,4,9,8,10
26;165;1,1,1,9,7,8,2,9,8
50;104;7,7,5,1,5,8,7,9,1
93;188;1,8,5,6,4,1,6,4,7
99;150;1,2,2,5,10,4,2,10,2
37;143;4,1,3,10,1,4,8,6,6
3;168;6,8,6,6,10,8,10,8,4
3;172;4,6,9,9,7,4,8,2,2
54;149;7,4,10,9,6,7,10,7,9
4;125;6,7,3,3,2,7,9,6,9
48;153;2,3,2,1,4,1,4,4,7
11;158;8,6,1,1,7,8,9,5,2
36;196;4,5,10,3,2,8,9,1,10
81;128;10,3,6,4,10,10,9,6,2
87;136;1,10,5,9,1,9,5,9,10
77;113;2,3,5,1,7,9,9,1,8
4;161;1,5,10,5,5,10,8,8,8
62;117;7,2,2,5,2,10,2,3,10
92;187;1,1,7,4,8,8,8,5,2
74;159;2,7,1,4,7,7,4,8,3
22;171;8,8,5,5,3,9,5,6,5
86;138;2,2,1,4,8,7,7,6,1
33;146;3,5,1,10,9,10,7,5,8
11;127;4,9,4,4,5,5,5,1,1
51;180;4,6,9,8,1,1,1,7,6
28;196;9,3,7,9,7,5,10,8,7
25;196;7,2,3,7,1,5,5,10,7
31;104;9,7,6,8,6,2,9,6,4
82;148;9,10,4,6,1,3,10,1,7
60;105;10,7,3,9,8,10,1,9,5
2;176;10,1,7,4,2,9,4,4,5
27;115;8,10,8,5,2,3,10,5,8
16;150;4,1,3,9,2,3,10,3,2
51;148;10,9,1,1,4,7,8,10,9
53;122;3,5,8,5,10,9,6,7,1
15;180;10,3,2,1,5,7,4,1,9
69;156;8,2,4,7,1,2,10,7,1
60;190;3,9,8,2,7,8,10,7,6
69;109;10,5,7,7,6,6,7,1,7
94;196;10,6,10,2,5,5,4,10,10
68;150;10,10,4,10,9,9,9,8,3
55;162;10,5,4,4,10,8,10,1,5
71;104;4,7,6,3,2,3,4,6,6
80;166;7,2,1,4,7,1,1,7,5
61;169;6,2,9,2,9,2,9,3,1
75;161;9,9,3,9,3,1,2,3,1
17;182;2,3,4,8,4,6,6,9,9
65;193;8,1,1,1,4,7,5,8,10
98;172;9,7,2,9,10,5,2,3,4
59;102;1,5,6,5,9,9,8,6,2
74;151;5,10,8,3,3,3,9,4,1
20;161;9,8,2,10,7,1,1,4,8
55;136;8,7,8,10,5,9,3,6,4
63;184;8,7,3,6,3,3,5,1,10
3;126;9,4,1,10,2,4,4,2,10
41;152;10,8,8,3,10,8,2,4,4
99;134;4,7,9,2,5,10,1,5,10
16;110;5,5,5,7,6,8,4,7,9
11;159;10,6,2,9,10,8,5,9,3
3;122;8,9,3,2,6,4,8,3,8
99;113;9,8,2,3,2,8,4,7,1
48;100;8,2,8,10,2,2,5,2,5
81;117;3,9,5,7,9,1,8,8,10
29;157;4,4,1,7,9,1,4,3,6
94;103;2,3,2,8,8,2,9,3,7
61;127;10,1,3,5,3,6,9,2,8
29;142;1,9,5,7,3,1,1,2,8
28;118;1,7,5,3,2,10,9,1,8
30;140;7,8,4,8,3,7,1,5,9
89;135;9,7,2,9,1,2,4,10,9
11;158;5,1,7,10,2,5,4,8,4
17;137;1,9,8,3,8,8,8,5,8
95;104;6,7,2,4,4,6,6,9,10
34;196;2,6,5,9,6,9,3,1,1
74;171;7,8,5,3,1,10,8,2,8
23;121;4,2,2,10,9,9,5,8,8
20;189;6,8,8,6,4,6,1,6,6
39;156;1,2,10,5,7,7,2,3,10
75;149;7,7,1,1,9,10,7,6,8
91;135;9,5,2,6,6,6,3,8,6
55;143;3,3,10,7,5,1,1,2,9
16;124;9,9,8,2,10,3,9,9,4
88;137;4,5,8,2,7,7,4,5,9
54;133;6,10,1,4,7,2,10,4,5
17;176;7,8,10,6,2,5,10,9,7
69;149;9,2,1,10,6,5,3,5,1
98;117;10,7,10,3,4,5,10,8,4
51;134;7,5,2,4,10,4,3,3,4
97;100;6,4,7,2,3,10,5,10,1
3;198;6,10,2,5,5,6,2,5,1
68;141;9,5,10,6,2,4,6,8,1
65;106;8,5,4,5,3,10,6,3,6
33;197;5,6,3,1,3,8,1,4,2
44;130;2,2,7,7,7,10,3,7,1
45;119;10,3,2,6,4,8,7,2,10
72;138;5,7,9,6,3,1,6,6,10
30;126;9,3,8,1,1,2,4,6,1
77;152;3,2,7,10,10,3,10,9,8
86;159;8,7,2,8,2,10,10,4,9
71;100;4,1,10,2,7,10,1,1,5
89;183;9,10,9,2,9,3,10,10,3
18;138;9,4,2,10,2,9,1,7,5
85;146;4,8,7,3,9,2,1,7,2
82;117;8,6,5,6,5,2,3,7,1
28;193;8,4,10,6,7,2,4,1,5
48;171;1,8,1,8,3,6,8,2,9
46;118;8,6,8,6,10,6,8,3,9
40;172;4,1,6,5,8,10,2,6,7
59;174;6,9,10,8,8,4,1,4,4
74;148;3,6,1,8,1,6,8,10,7
64;123;4,4,6,4,9,3,7,10,10
45;178;2,3,2,8,1,5,6,5,2
98;134;6,8,1,8,7,2,3,6,4
7;102;7,4,10,9,3,4,1,1,10
90;149;8,10,6,10,9,6,1,2,9
54;165;2,10,2,10,3,6,10,7,3
57;162;3,9,10,5,7,3,8,4,4
96;120;8,2,5,9,9,8,3,5,7
99;191;10,8,4,2,3,3,10,7,10
42;173;2,6,2,2,6,6,6,3,1
62;185;6,9,5,6,7,6,2,5,9
2;143;5,10,2,2,6,3,6,5,4
2;131;1,9,3,7,4,10,1,7,2
78;192;5,6,6,1,10,1,7,9,7
23;102;9,4,7,5,2,6,8,8,8
53;152;2,8,3,3,6,9,9,9,1
98;147;8,7,1,10,2,3,1,2,10
50;170;3,3,9,9,4,3,1,2,2
50;152;3,1,2,9,8,3,10,6,10
47;137;7,4,3,2,5,2,3,10,1
70;155;7,2,8,10,2,2,8,3,9
68;174;2,3,2,6,1,3,2,3,2
20;139;1,1,4,3,3,10,2,6,1
73;152;8,10,5,1,2,4,2,7,3
82;195;10,1,7,10,3,4,10,10,9
14;132;1,10,9,2,7,3,5,9,7
16;171;3,2,6,9,5,6,9,4,7
76;173;4,6,8,6,6,8,9,1,4
45;161;8,5,5,10,4,10,4,5,9
32;199;9,10,5,6,4,5,9,2,4
8;129;3,3,7,7,4,4,6,8,3
23;143;2,1,9,7,1,2,5,7,7
24;170;9,4,8,7,10,7,8,10,8
60;189;6,9,10,9,8,7,4,10,6
99;189;10,4,5,5,4,2,7,5,9
91;186;5,8,10,8,5,4,9,3,7
13;190;10,7,10,10,8,5,8,8,9
86;143;8,5,10,9,2,6,10,7,9
93;107;8,3,6,5,3,9,7,5,6
51;180;1,6,10,4,7,8,6,5,3
39;199;5,4,1,5,9,4,3,2,7
84;146;3,7,9,6,1,10,10,3,9
9;183;6,3,2,5,7,4,9,10,10
34;171;10,7,9,10,6,1,1,6,10
64;143;3,2,4,4,10,3,2,7,6
61;119;3,4,8,8,4,10,4,4,4
89;136;8,10,1,8,1,1,10,10,5
30;101;9,6,6,9,8,8,5,8,1
39;146;8,6,7,10,8,7,1,3,6
46;197;2,1,4,5,3,6,7,4,3
84;182;10,5,1,6,5,3,5,9,10
2;150;2,1,5,4,9,9,3,8,3
74;174;3,6,6,10,6,3,3,1,7
61;127;3,1,8,9,3,7,2,2,4
56;148;8,5,3,1,6,3,5,6,9
99;123;5,7,7,2,9,5,3,9,6
66;187;8,2,2,2,4,3,4,9,7
12;142;9,7,7,3,6,5,5,8,2
34;156;3,1,3,5,9,1,6,2,1
5;193;3,9,1,5,2,3,1,1,2
42;165;4,10,10,4,7,3,2,2,9
15;161;2,9,5,7,10,10,6,2,9
90;169;7,2,7,8,5,3,1,1,2
28;125;10,4,10,6,10,5,7,5,2
77;125;9,7,7,3,10,1,9,3,3
62;146;4,10,5,2,9,8,2,5,6
13;139;10,5,9,1,7,1,5,5,10
68;133;2,5,10,3,8,1,5,1,9
98;161;2,6,4,8,1,4,9,1,5
77;100;6,3,1,10,7,9,8,6,1
3;186;7,8,8,1,8,9,7,5,4
97;167;4,5,7,2,6,9,1,7,7
48;144;8,4,4,1,2,8,10,4,1
15;178;4,7,6,9,4,4,1,4,10
14;134;7,8,8,9,8,3,5,4,10
24;157;2,2,8,10,8,9,3,6,9
63;161;6,8,6,2,1,1,9,4,2
42;182;3,8,2,9,4,7,4,1,7
33;107;7,7,1,1,4,9,9,5,1
56;105;1,6,4,5,10,8,4,10,1
29;166;1,4,3,1,10,7,4,7,9
3;132;2,1,7,10,1,8,6,1,8
35;200;6,5,10,9,8,6,2,2,2
77;105;6,9,7,4,1,8,9,9,4
29;155;5,7,6,4,10,4,9,9,4
86;198;1,6,3,9,9,1,8,1,3
54;197;4,6,4,2,5,7,2,10,3
95;123;5,7,6,4,6,2,3,4,8
49;113;7,4,10,4,6,6,1,3,9
42;122;5,6,6,2,2,1,10,7,7
54;190;10,9,4,4,3,7,8,9,7
16;109;3,7,8,2,1,10,4,1,7
34;147;4,5,9,9,6,2,2,4,8
59;197;7,2,3,6,2,5,3,7,3
34;144;10,6,1,5,9,8,8,6,8
1;109;3,10,3,5,8,1,7,10,6
26;167;6,3,9,3,8,5,8,4,4
93;104;5,10,7,5,10,5,8,6,7
53;169;8,8,3,10,9,7,1,9,7
31;122;8,4,10,4,2,3,1,7,6
77;131;9,4,8,2,9,10,7,6,4
85;179;9,2,8,6,4,10,1,10,1
70;166;10,1,1,6,1,9,10,10,3
48;158;7,2,3,1,1,8,3,7,1
30;190;2,8,5,1,10,7,9,4,1
38;112;6,7,1,3,2,1,8,7,1
36;198;9,10,2,10,5,5,5,2,10
61;175;8,6,7,6,6,2,8,1,3
24;136;7,10,9,2,7,10,10,5,9
64;145;4,4,9,9,5,2,8,10,8
65;139;3,4,3,9,3,1,8,3,3
49;176;6,3,4,10,6,2,7,9,5
41;198;6,9,2,1,9,1,2,7,5
14;114;10,3,4,8,6,10,10,7,9
44;106;10,2,2,6,2,8,2,1,1
77;117;9,8,3,10,2,10,6,7,6
21;121;8,4,10,2,10,7,6,5,4
94;180;9,1,7,3,7,10,10,5,6
97;131;4,3,8,4,7,3,2,3,8
65;110;7,7,9,1,5,6,5,7,8
2;135;8,2,7,5,8,3,10,6,1
51;141;1,2,10,6,9,10,2,1,6
65;177;2,10,1,5,3,7,6,2,3
65;123;10,6,8,8,8,7,7,8,2
70;145;4,8,3,9,7,7,10,3,7
68;195;10,10,4,5,3,1,1,5,6
45;139;5,2,2,6,1,7,1,8,2
22;125;8,2,1,2,5,5,8,4,8
71;184;9,1,6,6,7,5,3,8,9
22;101;1,5,7,5,7,7,5,5,2
41;142;6,4,6,4,3,10,6,3,10
79;143;2,1,9,8,7,8,8,4,6
81;153;8,3,7,10,1,3,1,9,4
57;174;4,3,8,1,10,1,9,1,2
9;158;4,3,5,6,9,9,8,10,4
87;119;10,9,3,4,8,3,8,7,1
1;192;8,1,4,1,10,4,5,7,6
6;104;7,4,6,6,3,1,2,1,4
97;144;6,9,10,1,4,4,10,6,10
81;129;1,1,4,4,2,8,1,8,8
32;122;3,2,4,4,4,7,8,7,9
1;107;4,2,2,4,2,2,3,10,10
50;160;7,6,5,3,1,3,9,1,9
60;126;3,9,7,7,6,2,2,1,5
96;122;7,3,2,2,3,3,9,1,8
39;106;9,3,2,4,7,4,9,5,3
95;105;9,1,9,7,10,5,1,6,7
22;180;5,6,1,1,7,2,6,8,3
99;174;4,9,1,1,9,7,4,6,9
4;166;7,4,8,10,7,6,2,4,6
79;133;8,1,2,10,2,4,2,5,3
53;164;1,8,4,3,7,1,1,9,1
60;131;8,6,9,8,4,6,7,8,8
15;191;2,2,5,3,10,6,2,3,9
57;106;9,8,1,7,5,8,3,2,4
35;133;10,2,6,7,10,1,6,5,7
91;103;1,4,6,2,9,8,6,3,5
90;198;2,6,9,7,6,7,2,8,3
34;121;7,5,8,6,8,6,4,3,6
2;185;9,6,5,5,7,6,5,10,1
16;151;6,8,3,2,8,2,8,8,4
39;197;3,8,4,1,6,3,5,6,3
14;139;8,5,8,1,9,8,5,2,6
60;134;4,2,2,5,3,7,8,3,5
41;142;10,2,3,4,3,7,5,8,1
51;132;2,8,1,2,2,4,2,2,8
41;151;7,2,6,1,7,1,4,10,1
73;139;10,2,2,7,9,7,8,2,6
77;172;10,3,8,4,9,2,3,2,10
68;141;2,2,5,10,3,1,7,6,1
77;141;6,3,10,1,8,2,7,2,7
37;119;9,5,8,6,10,4,3,3,4
33;122;8,3,2,4,1,3,2,5,10
27;156;4,1,9,2,8,4,1,9,5
4;183;1,9,7,1,10,7,1,2,4
33;135;3,3,1,2,1,9,6,2,2
1;108;8,8,1,3,6,8,5,1,2
38;157;4,6,6,5,2,4,10,8,9
67;157;3,4,10,8,6,8,5,9,1
66;162;8,3,4,7,8,4,6,5,8
17;165;6,9,6,2,9,8,8,2,10
95;120;6,9,7,3,7,5,4,7,5
56;135;4,1,10,4,1,1,5,7,1
52;157;6,8,3,2,1,3,2,3,8
65;177;4,3,8,5,3,8,8,2,9
51;121;5,1,5,3,6,9,2,7,1
74;137;4,9,6,4,3,8,5,1,6
52;189;1,3,8,4,7,9,6,10,3
80;121;1,3,7,9,2,3,2,7,5
59;142;1,10,4,7,7,3,5,8,7
89;194;4,8,5,2,10,1,4,1,10
49;100;10,7,5,5,7,5,3,8,5
20;126;2,4,1,4,9,3,2,4,7
48;136;5,4,3,7,3,3,7,1,10
80;148;2,9,10,9,6,3,7,9,7
38;179;3,3,8,8,4,8,1,6,10
44;182;6,6,4,2,7,2,2,1,7
29;116;7,7,10,5,3,6,8,8,1
2;135;2,9,6,8,5,2,9,9,6
12;193;1,10,9,1,4,2,1,10,4
46;171;9,3,6,8,5,5,5,1,3
70;106;6,9,4,8,10,4,6,1,1
33;175;2,5,7,5,8,8,10,5,3
76;146;8,5,10,9,7,10,7,8,2
40;155;3,1,3,9,9,4,9,4,1
84;179;10,5,2,2,2,7,6,9,2
90;179;7,1,7,9,3,1,6,1,8
44;175;3,1,10,5,9,3,4,4,6
24;199;9,6,7,3,8,4,3,6,6
83;154;6,10,6,7,7,5,2,8,2
39;189;5,6,2,10,6,4,5,1,2
74;164;5,5,4,5,6,4,10,7,8
80;171;7,4,8,4,2,9,7,7,4
37;198;1,7,9,9,7,7,1,4,3
78;127;5,2,3,4,8,7,7,10,8
17;128;7,4,9,4,5,7,6,4,6
93;188;3,6,7,8,2,1,3,8,9
61;164;10,4,10,5,3,9,9,2,6
32;163;4,1,5,7,4,10,5,4,3
5;119;6,10,7,3,2,1,2,5,3
94;132;2,4,6,5,10,7,4,6,5
88;171;2,7,4,7,2,10,9,2,4
6;110;7,2,9,2,7,6,8,6,3
95;196;2,9,9,7,9,9,1,9,9
85;121;2,5,3,5,9,2,2,4,8
90;191;10,2,9,1,6,4,4,9,4
73;162;4,5,1,8,6,1,5,8,10
9;155;6,6,6,6,9,7,3,8,10
20;127;1,2,7,10,8,6,1,9,10
9;192;2,5,10,8,1,5,8,8,1
21;176;1,1,6,4,9,3,1,10,9
7;167;1,3,6,6,8,4,7,7,4
6;184;2,3,7,6,9,2,7,4,10
89;110;8,9,9,4,1,7,7,7,5
87;144;6,4,3,2,6,10,3,9,3
81;112;3,6,1,9,1,2,3,1,1
57;112;1,7,8,5,6,7,6,8,6
51;150;8,1,9,7,2,3,7,4,7
74;130;3,9,5,1,3,1,8,4,1
7;180;6,4,9,10,5,1,7,3,7
18;190;9,6,8,8,9,4,5,9,6
91;106;8,7,6,5,5,1,9,5,3
69;153;7,4,7,10,9,6,3,4,5
66;117;1,9,6,8,3,10,2,10,7
29;115;6,8,8,10,2,9,7,7,5
61;110;5,6,10,9,6,1,4,8,9
95;184;4,7,9,9,7,10,3,6,6
64;138;9,6,1,5,3,3,1,9,10
73;130;5,10,3,3,10,9,2,1,5
29;102;1,7,10,10,9,8,3,8,5
95;192;10,2,8,7,9,1,5,10,10
41;126;4,2,9,7,4,10,8,5,8
39;153;10,4,8,2,9,4,10,1,9
26;196;9,4,1,4,3,8,5,7,5
58;102;9,9,1,2,7,1,1,7,8
81;101;3,6,9,2,9,5,1,2,3
34;198;1,6,9,7,7,4,5,1,2
5;198;10,1,6,8,6,9,2,8,8
1;101;4,2,2,9,10,3,2,4,10
58;165;4,1,10,1,9,8,7,4,8
23;189;1,4,6,2,2,1,3,3,6
57;186;8,2,1,9,6,8,8,4,3
6;154;5,1,7,4,5,5,10,5,10
22;181;5,2,8,3,4,8,6,4,10
17;192;8,9,3,4,7,1,6,3,9
66;188;4,3,8,7,5,9,10,6,3
37;187;6,7,9,3,4,1,5,6,4
95;119;9,1,3,10,9,8,4,6,10
40;125;1,5,9,6,3,2,6,7,8
6;157;8,3,5,7,1,7,10,5,8
6;129;10,6,6,3,2,8,9,9,9
63;131;3,6,3,8,1,6,6,5,10
30;113;5,1,5,2,10,2,1,2,7
49;188;8,9,5,8,3,7,2,2,7
56;138;6,5,6,10,1,8,6,3,2
8;113;1,8,6,6,5,3,5,1,4
62;126;7,8,6,2,3,1,8,9,3
36;195;8,7,6,1,6,9,8,1,8
23;197;8,4,8,6,5,9,9,6,2
58;151;7,3,7,9,4,1,9,4,8
58;143;8,2,6,5,6,7,1,1,1
36;124;8,2,9,6,9,4,8,2,1
55;155;8,8,2,5,9,1,5,5,10
59;165;6,7,6,2,8,10,4,7,2
81;115;9,6,8,8,2,7,2,8,2
78;161;10,9,10,7,1,8,6,5,9
59;108;6,9,6,7,6,1,4,10,10
54;123;5,6,6,10,1,6,7,8,9
72;179;6,7,6,5,6,7,4,2,5
40;151;1,8,10,8,8,10,5,5,2
22;150;1,6,2,9,10,8,3,1,1
49;183;4,4,1,10,2,1,8,4,8
88;198;2,6,6,9,3,1,6,2,3
3;153;6,8,8,6,4,6,2,9,6
93;131;7,5,3,4,3,8,5,2,2
17;112;10,1,8,2,9,6,2,10,1
6;151;4,1,7,7,7,6,3,1,7
77;131;8,9,10,7,8,3,8,9,1
39;132;2,2,10,6,3,9,5,4,1
69;102;7,7,3,5,7,10,5,9,7
94;180;6,10,7,10,3,6,8,7,5
37;140;3,7,8,2,5,10,5,1,8
66;116;6,8,10,3,6,9,2,3,9
11;140;5,2,9,8,4,3,9,4,10
59;190;9,3,3,5,6,8,10,10,8
1;157;4,7,2,7,2,8,4,5,3
61;180;10,10,2,8,8,1,1,8,5
62;181;2,1,9,6,4,5,10,9,6
29;139;4,7,3,8,8,1,2,3,2
74;148;9,8,2,8,4,9,8,10,10
32;187;1,9,7,1,9,9,1,9,10
36;112;10,1,6,9,5,2,8,8,5
56;174;4,10,3,2,1,6,3,9,6
82;101;10,3,2,7,3,3,10,5,10
98;184;8,10,7,8,1,1,1,9,8
74;175;2,4,2,10,1,1,6,7,4
77;187;5,3,9,1,4,6,3,2,6
36;107;4,8,2,7,9,8,6,9,1
17;194;1,10,3,6,3,4,5,7,3
30;106;9,5,10,5,7,7,7,8,4
89;179;6,2,1,6,7,7,5,2,5
6;170;1,4,5,5,1,1,2,9,3
45;114;9,5,2,7,3,4,7,8,6
80;137;6,8,1,7,10,9,5,6,2
28;179;9,3,9,8,3,7,9,4,10
72;137;6,6,8,7,6,2,5,8,8
70;150;10,2,10,2,2,3,5,7,2
31;174;10,9,7,2,8,10,8,6,6
96;149;7,7,6,1,5,5,2,4,7
71;118;1,10,9,9,2,5,6,3,5
80;191;5,1,4,8,2,7,9,1,2
86;191;5,10,8,4,10,1,7,1,5
15;182;9,2,3,4,9,9,9,1,6
83;160;7,3,7,2,1,1,9,1,6
73;120;7,2,5,9,4,3,5,6,5
67;167;3,9,8,4,1,4,7,7,6
13;131;9,1,4,5,10,1,7,1,4
61;124;2,7,5,10,9,8,7,8,9
36;192;3,3,9,6,10,5,4,5,7
6;154;5,5,5,1,9,4,1,10,8
64;125;4,6,7,9,10,3,10,3,9
30;140;10,4,3,5,9,4,5,6,3
44;183;10,1,2,9,8,5,5,7,9
69;139;10,5,3,7,7,2,2,10,3
45;102;10,6,7,7,5,7,5,4,3
29;188;2,4,5,4,10,3,5,10,4
78;180;6,1,8,7,1,3,1,8,4
44;118;3,5,1,2,9,3,10,8,1
39;190;7,3,1,9,5,6,5,7,8
8;135;5,8,2,3,2,9,10,5,3
50;116;9,6,6,1,9,7,7,1,3
72;118;8,2,7,6,5,9,4,1,2
11;160;4,2,7,5,7,4,3,10,5
17;110;5,1,7,3,2,4,1,1,1
60;170;3,2,6,5,4,10,7,3,2
6;119;4,3,2,7,5,2,9,1,9
36;134;10,10,7,2,3,9,1,4,9
16;149;9,4,7,9,4,8,7,6,2
39;131;4,5,1,7,9,5,9,3,5
42;113;4,4,7,9,4,8,10,4,10
66;187;1,6,8,4,10,9,10,7,4
16;175;6,8,8,2,1,9,7,8,8
28;131;10,3,5,4,8,8,3,3,4
58;183;2,8,5,8,4,10,7,4,10
51;191;10,4,8,9,1,2,2,8,8
65;167;1,4,2,7,10,5,2,3,4
26;122;3,5,8,5,6,6,5,8,5
79;119;4,4,7,5,8,8,5,5,7
71;100;4,9,6,6,10,4,10,4,3
35;112;8,10,6,5,10,9,4,2,3
78;120;8,4,9,10,6,4,8,1,5
52;106;9,10,4,4,10,4,8,3,5
84;163;4,9,6,9,4,4,8,10,2
73;196;4,5,7,5,6,5,4,10,1
36;145;7,4,5,3,2,8,3,5,7
32;164;9,5,2,3,2,9,10,9,5
21;157;10,2,10,1,8,9,4,9,4
27;132;4,5,7,4,10,2,10,7,9
3;164;9,6,3,8,8,3,6,2,1
69;199;8,2,5,10,5,8,1,3,8
45;152;9,7,6,6,1,2,10,7,8
6;135;3,2,3,7,6,7,8,8,4
51;107;6,4,2,4,1,1,6,9,6
17;179;5,5,10,8,6,4,8,8,6
74;138;7,6,7,8,10,3,8,2,8
3;128;1,10,7,2,9,10,10,6,8
9;131;6,6,2,1,2,8,2,7,8
40;137;4,3,5,1,1,2,2,6,2
44;103;2,3,1,4,8,10,3,4,9
43;116;1,1,3,9,3,1,5,10,2
90;195;4,2,5,6,1,9,1,5,4
13;183;3,2,3,3,4,4,10,1,8
54;199;7,6,4,10,8,8,2,10,9
98;157;2,3,1,7,8,8,1,10,8
16;155;3,9,1,7,3,10,2,6,7
98;197;4,4,5,5,6,4,1,9,2
3;138;8,5,8,9,2,5,3,3,2
17;164;2,7,10,6,3,7,5,5,9
49;100;3,10,1,7,1,2,1,3,3
69;175;7,9,8,5,4,3,2,4,9
30;171;10,8,3,10,9,10,10,5,1
68;119;7,2,7,5,10,6,9,5,2
35;114;8,3,10,2,8,6,6,7,1
61;179;4,7,10,8,10,7,1,10,9
58;116;5,4,10,1,4,6,2,6,10
53;104;7,3,8,10,10,3,7,4,7
28;100;7,6,10,8,8,4,4,2,3
25;135;7,6,3,4,10,5,1,10,2
49;197;6,1,10,6,1,4,1,5,7
7;145;1,7,2,3,7,5,1,10,9
50;116;4,2,2,6,9,10,5,2,5
23;169;1,6,7,2,3,6,7,6,3
4;113;10,1,7,8,3,10,3,6,8
99;104;2,9,8,4,8,7,4,7,7
69;172;5,6,2,9,7,7,1,9,3
77;150;6,9,3,3,9,5,2,3,1
99;153;9,9,2,5,1,9,7,1,4
3;113;3,9,9,3,7,8,3,7,10
36;151;5,6,4,5,2,3,4,5,10
38;162;3,4,9,1,9,8,7,7,4
55;116;3,5,1,4,4,8,7,6,1
20;122;5,4,1,4,4,4,7,8,2
49;136;3,7,3,1,5,6,6,6,2
22;151;10,1,2,9,1,3,2,8,5
54;168;9,10,8,6,2,9,3,6,3
8;154;5,10,1,6,5,2,9,6,1
44;137;8,5,6,5,6,7,2,2,1
36;141;4,4,4,5,2,3,7,4,4
51;164;9,1,6,1,8,8,9,7,10
55;137;4,3,1,9,7,7,5,10,6
22;159;7,10,3,6,5,8,7,3,4
73;133;5,4,1,4,8,10,10,3,3
50;191;4,7,6,5,4,8,2,2,3
42;112;5,7,4,3,7,4,4,10,4
10;182;4,4,5,4,1,2,10,7,1
47;177;10,10,7,10,2,6,1,9,5
13;105;10,2,2,1,4,4,7,10,7
49;120;5,10,4,3,1,10,7,3,10
52;175;3,6,9,2,8,6,8,9,2
27;173;9,7,4,5,9,4,3,3,10
25;155;1,4,7,5,6,7,2,2,7
63;187;9,5,2,9,8,7,7,6,3
66;108;6,9,4,8,5,3,6,5,7
55;149;10,7,1,8,10,7,10,7,7
44;108;7,4,2,3,6,7,5,9,6
4;192;8,9,3,8,5,4,10,4,9
78;200;3,9,8,8,10,9,8,9,4
4;148;1,10,2,9,7,10,2,4,5
17;152;2,10,5,1,10,4,9,2,3
81;142;6,4,6,8,7,10,1,5,3
29;175;1,1,7,3,5,9,10,6,8
76;156;7,5,6,6,7,3,4,6,6
23;109;5,6,2,1,1,3,3,4,3
37;174;3,1,7,8,8,7,3,9,1
46;192;4,6,6,3,1,8,4,9,3
94;114;9,10,7,7,1,9,3,3,2
89;133;4,2,5,9,6,10,10,10,2
2;124;8,4,2,10,2,4,5,6,6
71;187;9,5,2,3,3,9,2,10,6
86;178;9,6,1,1,9,1,4,5,4
64;163;8,2,3,1,6,3,2,1,9
74;162;10,1,2,3,7,10,10,2,8
99;185;10,8,6,8,10,9,1,6,5
68;103;9,6,3,1,9,9,10,3,8
33;159;5,4,2,9,1,7,4,1,9
33;175;10,9,5,4,10,7,10,7,1
78;149;5,9,5,4,6,6,9,2,3
6;164;8,6,5,8,10,6,5,10,7
89;180;6,2,2,4,1,6,4,10,7
9;113;6,4,5,8,3,7,7,1,1
76;113;7,3,5,8,2,8,10,3,9
22;113;6,6,5,6,5,2,6,10,8
62;200;2,5,8,6,3,10,1,1,6
65;197;3,6,4,10,8,7,5,7,1
65;122;8,6,2,4,9,3,7,5,7
17;141;7,4,9,2,8,9,10,2,2
80;199;1,3,5,3,1,6,7,5,10
65;154;4,9,3,8,6,5,6,10,6
40;163;2,10,7,4,8,7,1,6,8
79;180;6,2,7,6,7,9,7,1,2
31;115;2,3,1,6,5,8,5,5,2
86;181;8,1,9,2,8,6,3,10,5
51;178;3,5,5,1,5,1,7,2,9
84;197;5,1,5,8,4,6,3,7,7
79;184;2,4,4,1,9,6,10,9,2
54;183;5,3,7,10,9,1,6,5,4
56;192;1,6,2,5,1,4,9,1,9
47;186;10,7,3,8,6,9,2,4,3
4;174;9,6,1,8,4,3,9,9,6
49;161;1,7,9,1,2,4,4,2,4
48;108;8,5,10,10,8,5,6,3,8
69;158;6,1,8,1,10,2,7,4,9
25;195;10,10,1,7,6,7,4,9,4
47;119;7,5,7,5,2,3,1,7,1
65;105;6,6,4,4,2,6,7,5,10
42;186;4,5,5,10,4,7,2,9,5
42;200;10,1,6,1,7,7,2,8,5
10;180;9,2,1,1,6,4,8,7,9
1;158;10,10,5,6,1,8,8,1,9
25;172;7,7,5,7,4,7,2,5,3
29;193;5,5,1,10,8,1,6,4,2
63;160;7,4,8,8,4,3,8,4,1
10;180;4,2,6,4,2,2,10,10,8
68;158;8,2,4,10,10,10,2,10,3
13;138;4,3,1,9,10,8,10,6,7
89;180;5,6,6,1,3,6,4,2,5
71;198;10,10,4,4,9,5,1,2,2
49;181;7,9,2,2,2,8,6,10,9
92;145;9,2,9,9,3,7,10,8,10
90;147;3,4,8,3,8,8,7,5,9
14;179;2,9,7,8,8,3,4,5,2
86;176;5,2,1,10,7,6,7,3,10
17;104;8,6,9,9,6,10,4,5,1
70;171;9,10,1,4,9,8,6,9,10
99;121;5,4,4,1,10,1,2,6,5
61;143;9,7,10,7,4,8,4,7,7
2;120;1,1,9,2,7,3,8,5,6
2;133;8,5,10,8,4,6,2,8,2
1;105;3,8,8,5,3,3,8,4,10
41;125;2,10,6,9,10,5,3,2,4
41;138;1,6,7,5,2,6,6,7,2
86;167;3,9,3,7,3,4,9,4,10
83;193;2,9,2,3,8,9,6,9,3
1;143;4,4,8,7,1,7,5,5,3
79;109;7,5,3,7,7,2,9,10,9
57;197;9,5,10,10,7,4,10,1,5
70;166;3,4,5,3,1,7,8,2,5
51;106;3,7,4,7,2,10,8,8,7
64;164;6,3,6,3,4,6,3,7,1
3;105;1,7,5,6,3,3,4,7,2
34;184;8,9,6,8,9,5,5,4,4
8;155;7,5,2,1,1,1,10,8,5
35;182;3,1,1,9,3,10,4,8,7
22;156;5,6,7,3,1,8,10,8,6
76;200;3,5,9,4,7,1,7,6,10
14;183;3,2,10,9,6,6,9,1,7
86;151;5,7,9,7,6,10,9,3,7
16;192;9,5,5,4,5,1,1,1,3
37;106;8,4,1,2,7,4,6,3,9
33;117;10,8,9,9,3,7,4,7,5
53;126;1,8,8,3,9,8,9,7,4
19;100;10,4,8,2,9,2,10,9,7
83;126;7,6,2,1,2,1,10,2,10
55;185;1,6,4,5,7,1,6,8,1
98;107;8,9,3,4,1,2,7,10,3
92;110;5,8,5,8,6,4,7,10,9
99;159;9,9,6,1,10,9,2,7,1
14;103;4,3,9,9,6,9,7,7,4
79;109;8,2,5,8,6,4,4,10,5
89;126;9,8,1,10,8,7,6,2,8
37;103;7,4,5,5,1,3,2,8,7
9;102;10,9,4,4,2,6,3,5,4
51;133;6,8,4,9,3,8,9,6,2
80;146;5,9,10,3,1,5,1,7,2
64;142;5,4,9,9,1,6,7,9,10
51;142;9,6,7,6,10,10,1,4,8
88;166;2,3,7,8,1,1,9,7,8
57;127;6,2,3,4,10,10,4,2,2
42;108;6,6,2,8,1,8,9,3,6
38;134;6,8,4,4,2,8,6,6,4
84;139;7,1,4,4,4,3,4,4,1
6;125;8,4,4,2,4,7,1,4,9
43;106;5,6,2,7,4,6,3,2,2
98;107;4,9,5,9,3,6,9,7,5
77;109;8,4,3,7,8,4,9,7,9
81;139;1,2,10,4,1,10,2,4,9
58;184;1,8,8,5,10,3,7,6,7
18;122;8,6,9,6,7,10,6,4,10
43;104;8,9,3,5,2,3,1,8,7
21;105;1,9,4,2,1,2,7,6,5
79;198;8,6,5,10,10,2,6,4,10
24;192;4,3,8,1,10,8,2,2,10
90;104;7,2,6,9,1,9,9,6,8
85;129;3,8,5,8,10,3,3,3,8
15;175;6,4,5,10,1,3,1,2,8
2;183;9,3,9,10,8,8,5,5,8
40;147;3,10,10,7,7,4,4,2,2
71;190;4,5,6,2,8,5,8,9,7
43;145;4,3,5,2,6,7,2,7,4
88;157;2,3,2,6,4,9,9,9,10
65;147;6,2,6,3,1,2,6,9,3
29;109;5,3,7,4,6,7,10,5,1
40;132;2,2,10,5,2,2,7,6,5
38;152;7,4,3,4,5,6,9,5,10
24;118;9,1,3,7,4,4,4,10,8
71;142;10,5,1,7,2,9,5,7,1
98;131;4,4,5,1,4,10,9,2,6
39;163;5,2,10,4,6,10,7,3,7
81;137;6,4,4,5,6,8,2,2,1
53;130;4,10,1,2,2,9,8,1,4
54;161;5,4,7,8,6,7,5,4,8
36;152;5,7,10,1,10,3,3,3,10
90;110;9,6,4,4,6,5,9,1,1
81;193;4,2,4,8,9,6,6,2,4
56;181;9,2,2,3,6,10,7,5,10
21;126;5,6,6,6,10,1,10,8,6
78;161;1,7,3,9,9,7,2,3,10
29;186;7,10,7,3,1,7,3,9,1
71;161;10,2,4,5,6,7,2,10,10
26;132;5,8,10,4,5,6,3,1,5
71;158;6,8,5,5,4,9,10,6,4
93;100;7,8,6,10,4,4,1,7,10
24;124;6,8,7,2,9,8,5,7,1
44;111;9,1,9,1,6,4,2,9,5
98;139;8,3,9,9,2,3,10,3,5
46;173;4,6,7,6,5,4,5,5,3
65;117;5,2,9,2,6,2,6,4,3
63;154;6,6,5,5,2,8,2,10,3
56;146;10,9,10,9,9,3,3,8,5
12;161;8,1,5,1,3,4,7,1,8
31;166;4,4,8,1,7,9,7,10,8
93;132;4,4,10,3,10,7,7,1,9
64;178;1,6,1,3,10,5,5,1,8
34;153;8,7,1,9,8,3,4,3,6
70;196;6,4,1,1,9,1,9,5,3
13;146;7,10,1,4,1,7,5,6,8
74;119;3,4,2,9,2,10,6,9,3
30;108;7,3,4,8,1,7,6,1,7
10;105;10,1,9,7,5,6,7,2,9
54;101;8,8,5,10,8,7,3,1,4
56;145;2,1,3,4,1,6,5,1,5
96;146;5,2,7,6,6,1,3,7,9
19;128;10,9,2,7,4,4,10,6,6
60;184;6,7,1,6,10,9,8,5,1
56;197;10,5,2,3,7,4,10,10,6
78;103;8,10,9,7,2,1,6,3,2
27;158;6,10,9,3,1,7,2,9,9
65;109;9,6,10,9,8,10,7,10,7
80;114;3,2,10,4,9,7,10,6,4
76;176;2,2,7,5,4,4,7,3,7
52;122;5,6,7,8,1,10,6,9,8
90;110;9,10,8,10,7,2,8,1,7
3;110;7,2,6,1,8,5,9,8,2
49;154;4,2,7,3,8,5,6,9,2
86;149;10,9,4,1,2,2,2,1,7
69;118;10,10,5,4,6,4,1,3,3
45;180;6,5,1,5,8,4,6,7,8
79;165;8,9,10,6,5,2,3,4,9
44;199;5,6,10,6,8,10,7,3,1
12;102;6,7,10,5,2,3,1,9,6
40;140;3,10,2,5,3,3,9,5,2
24;172;7,6,1,1,1,5,8,8,4
95;170;9,6,6,7,5,3,3,8,10
54;109;4,7,9,6,2,1,8,1,9
99;197;7,10,7,10,2,6,4,7,5
75;101;5,4,6,8,10,3,5,3,1
12;159;1,2,3,5,10,4,10,3,8
20;164;7,9,4,5,5,10,10,7,7
64;199;3,7,9,8,5,6,1,3,7
11;169;8,5,1,8,8,1,2,1,10
38;138;9,5,7,8,5,3,4,7,8
1;169;7,5,6,8,2,1,4,6,9
81;161;10,6,2,10,2,10,10,2,5
7;193;5,8,3,5,1,9,5,6,2
26;151;3,6,1,2,2,7,1,2,7
61;161;1,5,2,2,8,3,8,8,5
48;196;1,7,6,3,2,6,3,9,7
32;142;7,1,2,4,2,2,1,6,3
37;163;4,5,3,7,3,6,7,3,5
53;122;5,7,6,8,4,1,9,7,8
20;200;3,6,10,2,7,7,5,3,4
83;125;2,6,7,3,10,8,3,10,10
11;146;4,4,5,6,1,1,4,1,8
90;193;5,6,1,1,1,1,10,9,4
64;200;9,2,8,7,8,3,7,5,7
14;111;3,4,8,8,10,10,8,8,10
10;164;8,9,3,5,9,4,10,8,9
40;154;3,5,8,5,2,4,1,5,4
11;137;5,10,3,8,8,8,1,3,10
89;175;10,3,3,5,8,6,1,5,8
67;163;6,1,10,7,8,1,5,8,8
35;113;3,5,8,6,2,3,8,8,1
1;129;3,5,5,4,7,5,2,8,6
52;174;9,8,4,5,1,8,2,3,2
5;185;4,3,7,4,8,1,6,8,2
55;152;3,6,3,8,2,3,7,10,7
18;124;3,1,7,4,2,9,9,4,10
80;185;5,1,1,8,9,9,5,7,2
49;156;3,9,6,8,1,3,2,2,1
47;108;9,4,7,10,5,5,1,4,3
15;152;4,2,3,2,2,9,10,5,7
6;123;2,5,8,5,8,4,7,3,2
27;111;5,6,3,1,4,6,3,7,5
87;151;8,10,2,8,4,10,2,6,1
28;170;6,5,9,7,9,1,6,4,2
90;116;1,3,4,9,10,3,10,6,9
33;161;5,7,3,1,2,4,5,10,9
81;102;9,3,9,4,8,2,5,1,5
84;142;3,2,6,3,8,4,5,10,9
9;153;2,7,4,9,7,8,9,3,10
38;200;4,6,3,9,6,10,5,8,5
82;112;10,7,6,8,5,3,8,2,6
16;184;1,2,6,8,6,8,9,2,4
98;165;6,6,1,1,9,3,5,5,8
63;132;5,2,6,9,1,9,9,8,1
31;136;6,10,8,1,4,4,5,6,10
8;174;2,3,4,2,2,7,10,7,10
54;137;8,1,7,7,6,4,6,1,10
95;170;10,6,7,1,3,6,6,5,10
44;150;4,5,2,5,10,9,9,8,6
93;109;10,2,8,7,9,10,3,1,8
64;118;4,6,8,8,9,3,8,4,4
86;151;6,5,9,4,3,3,1,7,8
48;116;4,4,3,5,3,8,10,10,5
40;181;1,4,6,10,4,5,1,8,5
19;188;9,5,8,6,10,5,1,8,8
23;184;1,9,3,8,1,5,10,10,3
49;193;1,4,9,6,10,4,3,10,7
66;116;6,3,10,5,8,9,9,5,8
63;142;3,8,2,3,9,10,2,2,1
38;189;2,2,6,9,4,8,2,8,3
80;131;6,4,10,1,10,2,8,9,8
31;140;7,7,1,9,2,3,10,5,2
46;182;1,7,7,1,6,2,3,4,5
46;194;9,4,6,9,3,8,9,8,8
20;133;9,6,3,8,6,2,10,5,6
3;143;2,5,10,10,7,2,9,5,7
83;160;5,3,3,2,2,1,1,7,9
31;153;7,10,5,7,1,10,5,1,7
1;115;5,6,2,9,1,10,8,5,2
23;190;2,9,1,4,2,3,7,7,7
68;147;8,4,5,7,10,2,2,5,1
15;114;8,1,5,7,1,10,5,1,9
4;163;9,5,9,5,1,5,7,1,8
92;110;7,7,6,7,10,5,8,8,6
56;110;1,9,4,2,9,1,6,6,4
19;121;2,5,7,8,3,3,5,10,4
48;168;9,10,3,10,8,9,6,10,1
49;176;2,5,6,10,4,7,3,9,1
74;165;7,6,8,2,6,8,10,7,8
47;119;4,3,10,7,9,6,8,9,6
2;123;6,4,5,5,1,5,5,4,7
90;148;4,1,8,7,9,3,1,10,3
95;193;8,10,10,4,8,8,9,6,3
6;115;9,4,5,7,4,1,7,5,7
19;182;3,7,1,6,10,9,9,3,1
61;122;4,7,7,2,7,9,5,4,9
41;169;3,1,8,6,4,6,5,2,6
31;144;8,5,3,4,6,8,10,2,1
96;135;1,9,2,8,3,9,3,4,5
78;162;5,7,8,9,3,10,2,7,4
74;187;10,9,7,5,7,8,6,2,2
96;199;8,3,8,10,10,2,10,8,4
45;196;4,9,9,7,6,2,9,8,7
95;125;4,9,1,2,8,6,4,4,4
20;148;9,8,8,10,1,7,10,8,10
66;157;10,3,2,10,8,5,3,1,8
4;188;6,1,10,7,10,3,5,3,9
66;163;1,5,10,6,9,8,7,9,6
21;187;6,10,4,7,6,1,8,8,2
72;200;2,10,6,8,1,9,4,8,3
4;109;5,6,8,3,9,5,7,8,2
55;158;8,8,5,3,9,7,8,10,4
57;159;7,3,8,1,1,6,1,7,2
81;141;2,5,1,9,5,8,5,4,6
75;173;6,10,7,3,2,4,4,3,2
83;171;4,2,8,9,8,3,4,7,2
57;135;10,2,7,10,5,3,10,10,6
13;121;5,6,9,4,8,3,10,9,9
92;131;9,7,5,4,4,9,5,6,9
93;102;3,6,5,2,4,7,1,6,4
66;166;6,7,3,3,3,4,1,8,4
40;152;6,9,6,8,3,1,7,6,1
77;164;9,3,3,6,5,3,7,9,5
23;117;5,5,7,5,1,8,10,4,10
81;141;10,7,4,4,7,6,2,9,10
31;103;7,3,4,4,2,5,2,4,1
8;174;2,8,10,8,4,8,10,2,7
65;183;2,1,6,9,7,10,4,7,7
16;148;10,3,8,3,10,3,7,3,6
31;173;8,10,5,7,7,4,5,5,1
94;121;6,7,3,10,2,6,10,6,8
52;103;2,10,9,5,3,9,5,2,6
49;186;8,1,2,1,1,4,9,2,6
10;189;1,8,2,10,10,6,8,4,1
51;140;8,6,1,4,2,6,5,1,8
52;110;1,7,6,4,10,9,9,1,7
67;192;8,6,4,7,8,7,7,8,3
31;152;7,4,6,4,4,5,5,5,3
2;169;3,5,9,10,9,9,2,1,3
27;194;10,9,6,5,8,2,2,1,7
32;189;3,8,1,6,9,1,9,4,5
76;111;7,9,9,1,1,5,2,7,8
46;190;5,3,10,2,1,6,5,8,2
14;140;9,10,8,3,10,5,3,1,1
77;155;5,7,7,9,2,8,7,4,3
15;110;4,9,2,2,8,9,5,6,4
95;149;3,8,3,1,1,8,3,5,2
93;113;6,5,3,2,1,5,8,3,3
29;147;2,1,8,9,9,4,9,2,8
31;163;10,3,1,7,4,3,6,10,4
91;163;2,6,2,5,2,6,8,9,5
40;183;5,8,1,6,2,3,8,8,1
47;142;1,1,3,3,5,2,7,8,6
99;183;10,3,3,4,4,8,4,6,1
45;111;7,5,8,6,1,7,2,5,7
9;124;10,6,9,2,1,8,7,1,8
66;138;3,6,6,10,5,7,6,10,1
59;154;5,9,5,10,2,2,2,7,7
59;107;1,1,10,6,1,5,6,8,2
14;140;3,3,5,7,6,10,3,8,2
80;118;3,7,8,1,1,8,2,2,2
91;144;4,4,5,6,1,10,8,7,4
31;132;5,6,9,9,2,2,4,10,9
57;105;1,7,5,8,1,10,9,8,6
82;170;7,4,7,10,7,3,8,3,6
67;139;1,10,10,7,6,5,6,2,3
16;117;7,7,8,6,1,10,3,7,2
64;184;2,8,4,6,7,10,5,3,8
60;156;10,5,8,6,8,8,10,1,1
67;141;4,4,5,2,2,8,6,8,8
66;185;10,3,10,8,7,7,5,8,6
26;140;7,2,3,1,3,4,2,3,2
85;116;2,6,4,9,2,2,9,10,3
54;126;10,7,6,10,10,8,5,6,4
81;195;7,2,7,1,1,4,1,9,1
14;168;3,7,5,6,3,10,5,4,8
57;182;4,1,6,4,5,1,7,10,3
82;100;3,4,4,4,8,10,5,9,7
77;160;4,7,6,2,9,2,1,2,10
63;106;2,8,4,9,2,8,5,9,10
62;134;2,1,6,7,6,10,8,2,7
86;121;3,8,7,10,1,3,7,8,5
94;190;1,3,4,1,8,4,5,4,7
50;147;10,4,2,8,10,9,8,8,9
8;115;4,5,8,10,9,4,5,1,4
8;132;10,10,3,6,8,3,3,3,9
10;154;5,7,1,4,2,3,5,2,6
71;123;10,6,7,4,2,2,1,6,10
68;154;2,8,8,7,1,7,3,8,4
77;199;4,10,3,10,5,3,5,8,3
31;129;6,8,9,7,3,4,4,4,3
90;120;9,2,10,3,9,7,7,5,10
52;140;2,9,8,8,7,9,10,5,9
5;195;8,3,2,8,1,6,7,10,10
61;102;9,2,8,9,4,2,2,2,8
22;157;8,10,9,9,4,10,3,2,9
32;172;4,6,6,2,1,5,4,9,4
90;105;2,5,9,4,5,8,1,5,3
32;124;5,4,7,10,10,8,7,8,8
28;138;9,5,2,3,6,9,6,3,9
62;167;7,3,9,6,10,3,2,9,4
28;184;2,2,8,10,7,4,8,1,6
31;106;6,4,9,10,3,3,9,2,5
36;137;2,6,1,10,3,5,7,1,10
85;183;6,9,8,5,6,7,9,7,7
91;126;4,10,3,6,7,4,7,6,7
69;136;2,3,9,8,5,9,7,4,9
58;185;9,2,3,2,7,2,9,6,10
94;190;9,1,7,2,10,1,1,6,4
50;148;3,9,3,6,5,8,1,4,4
95;151;5,5,5,4,2,2,4,6,4
45;105;6,8,1,7,8,1,1,5,2
12;156;10,8,4,2,7,3,8,8,5
47;137;9,6,10,10,1,9,3,3,5
68;154;1,2,4,1,5,2,2,10,10
53;141;9,8,4,7,10,1,4,1,10
13;155;2,8,4,9,4,8,10,7,8
11;159;7,8,8,6,6,1,4,10,10
12;182;2,5,7,7,7,10,7,9,1
26;115;2,7,5,9,9,9,4,9,9
12;183;7,4,4,2,6,2,2,4,5
79;151;7,1,9,2,7,4,7,9,10
35;185;8,2,3,7,4,6,6,7,10
9;180;4,7,8,3,8,2,3,7,7
90;111;8,4,7,5,10,8,9,8,1
87;163;4,4,2,4,6,7,5,10,2
59;183;2,1,6,2,2,10,4,3,7
61;144;3,7,2,7,5,4,9,4,10
88;187;10,2,4,9,6,6,3,6,4
17;107;1,1,5,3,3,5,9,2,1
24;112;1,10,10,10,3,4,4,4,1
51;114;2,8,10,10,9,2,5,6,6
72;141;8,5,5,3,7,5,3,1,2
32;107;8,7,10,4,1,5,6,7,7
30;195;4,10,8,10,8,4,9,7,4
11;178;3,2,3,10,1,7,9,6,9
76;111;6,8,1,5,7,4,3,5,10
20;102;10,4,8,1,10,4,10,6,6
65;182;5,4,9,10,10,1,3,1,2
42;101;10,5,1,9,4,3,3,8,2
64;155;9,7,10,2,4,5,10,10,10
91;152;8,7,7,7,7,8,6,9,2
64;113;5,9,10,3,1,8,4,5,1
21;147;7,3,10,2,4,9,6,8,1
39;131;6,1,10,4,5,6,4,3,10
37;100;10,6,9,1,1,8,5,3,2
22;161;3,10,9,6,6,6,4,6,3
76;185;4,2,1,6,4,6,10,2,1
11;176;3,6,2,5,2,3,1,2,7
43;117;4,2,6,3,6,8,3,6,8
62;200;3,9,8,9,10,10,3,2,5
71;145;4,3,2,8,10,9,1,10,3
70;140;9,1,10,2,7,1,6,1,8
15;114;9,9,3,2,9,3,4,1,10
6;141;7,6,8,2,8,9,7,2,4
13;174;5,10,2,5,10,5,10,1,4
64;197;6,4,3,8,2,6,2,3,4
15;133;2,7,10,1,5,7,7,7,1
39;161;6,3,9,4,8,9,5,10,7
88;185;8,5,1,4,8,7,1,9,5
72;200;10,2,2,7,1,2,2,7,4
46;118;8,3,10,7,3,5,6,5,4
7;196;1,3,5,8,2,1,7,5,6
78;150;6,7,3,1,2,10,2,9,1
29;144;3,8,6,7,5,9,7,5,7
83;177;7,4,3,1,9,5,8,9,6
9;139;8,2,1,10,4,1,6,6,7
46;105;2,8,1,9,1,5,5,7,10
20;107;2,10,1,1,10,7,2,3,6
5;183;1,2,5,8,6,1,9,3,1
23;140;2,3,7,3,9,9,6,9,9
25;106;5,2,7,5,1,7,1,4,9
12;177;4,9,5,3,4,10,5,2,1
46;171;4,4,7,2,9,10,3,10,2
98;103;1,10,5,9,3,9,4,7,10
10;145;3,2,9,4,2,3,8,6,3
69;195;2,10,9,6,8,5,8,8,9
7;136;8,2,8,9,3,8,7,7,4
69;137;8,5,10,6,5,8,6,4,4
15;117;10,4,7,1,3,9,5,10,8
4;178;7,3,1,1,8,2,3,8,6