0
1
-1
462
77
44
69
25
55
86
196
3
96
32
34
67
114
110
14
109
1
16
44
184
116
80
57
52
174
57
51
1
67
214
17
32
98
39
93
52
156
53
80
65
82
76
255
46
8
39
176
19
15
27
5
17
79
57
107
37
135
123
5
127
46
58
88
166
91
115
190
1
17
11
15
112
24
25
34
30
162
32
72
133
81
23
61
64
39
57
71
70
16
3
48
102
61
127
77
85
105
87
6
150
113
54
49
80
49
1
102
44
106
79
34
48
95
96
16
8
45
61
130
43
41
14
194
164
69
46
74
75
196
108
94
37
142
3
138
6
143
6
48
17
74
1
231
58
19
82
2
120
32
71
54
58
130
40
65
1
65
3
80
26
23
51
25
21
100
56
60
5
13
44
36
91
127
41
62
132
31
36
79
30
20
89
186
236
84
4
69
159
62
74
61
261
126
101
39
49
97
16
28
10
58
44
56
81
60
8
43
7
29
40
4
53
166
42
44
77
72
164
34
143
52
6
83
6
68
5
105
17
55
58
93
32
35
90
80
124
142
36
157
38
14
82
48
44
96
219
23
33
88
19
20
72
87
55
95
85
52
68
34
116
166
56
38
108
11
95
64
103
55
39
64
92
173
82
54
24
10
25
29
107
65
14
15
35
219
162
7
74
55
20
71
51
68
71
116
14
10
72
47
18
45
16
11
8
46
29
54
73
50
16
109
143
99
196
134
32
79
10
63
18
129
87
23
1
181
75
120
51
41
60
92
56
4
71
26
9
26
66
19
33
64
105
93
45
85
12
126
134
7
58
93
151
3
4
24
14
7
11
78
27
128
19
86
20
132
41
73
107
30
154
56
173
62
30
2
86
97
2
48
137
56
80
18
13
26
26
42
40
127
29
42
11
164
89
42
2
55
51
124
3
0
174
53
45
49
51
128
62
81
69
9
6
2
4
59
33
61
42
17
141
108
21
188
15
179
74
41
1
34
9
146
110
122
8
277
26
58
25
80
156
76
2
89
19
43
13
47
91
130
51
35
64
47
51
103
89
65
27
2
12
80
54
97
63
83
49
13
69
83
84
136
62
47
24
134
46
27
59
41
22
1
74
52
113
40
11
43
24
93
75
64
179
160
62
91
140
133
16
131
29
140
35
5
134
154
50
2
50
83
58
99
76
36
53
15
10
36
209
118
18
6
55
76
18
48
48
11
62
60
18
130
11
36
12
109
150
78
126
58
134
168
66
116
17
92
29
53
26
164
49
109
87
76
92
101
27
66
162
51
42
17
30
3
45
114
81
3
85
97
33
63
30
108
26
118
67
43
128
119
37
87
8
69
4
30
94
40
22
101
102
64
22
84
93
30
3
160
120
170
63
7
62
165
38
92
48
75
103
19
113
48
21
40
65
29
136
65
109
92
108
138
120
7
27
101
90
52
97
79
81
58
37
8
27
134
53
21
68
1
68
10
18
62
83
119
3
47
27
129
166
166
27
11
27
117
42
73
2
70
97
18
35
67
33
89
89
12
6
25
42
100
23
93
20
98
111
17
114
4
30
50
29
110
72
4
131
84
26
106
54
56
56
69
55
7
27
54
61
12
27
77
112
126
175
25
112
67
49
129
28
18
20
18
14
10
86
57
52
75
19
112
69
72
27
48
106
142
35
108
77
81
22
5
83
38
16
96
126
43
66
156
28
15
2
122
166
5
137
32
9
129
112
25
2
118
30
21
78
74
13
138
1
88
81
43
80
113
125
33
18
89
110
35
31
93
38
27
56
106
157
17
12
78
49
111
25
31
70
28
3
84
16
91
29
47
2
0
13
26
53
55
30
75
160
42
45
186
24
21
48
7
104
28
180
26
41
3
19
63
110
24
16
42
79
115
52
177
84
9
154
66
79
26
43
78
104
21
68
7
147
56
14
133
19
140
60
15
31
62
72
74
52
17
13
121
17
8
6
151
34
177
69
116
72
100
186
73
26
0
32
93
55
58
12
51
133
55
41
29
39
94
68
84
12
28
59
84
66
5
11
25
120
18
91
6
66
44
136
59
34
184
125
13
87
104
70
29
71
78
53
8
203
73
207
68
23
4
56
158
19
25
120
5
41
45
7
58
191
28
19
107
8
188
25
96
100
3
9
34
104
38
206
118
179
107
5
84
150
57
95
46
26
174
57
158
83
11
11
59
69
119
3
45
45
16
26
10
42
3
203
47
74
44
40
114
26
128
16
62
34
77
26
64
154
38
7
6
63
41
8
75
6
58
60
36
17
13
62
57
39
13
32
46
34
28
111
29
97
1
39
112
78
28
162
6
11
58
25
107
78
101
64
79
79
28
96
13
7
23
25
3
25
31
26
37
46
172
13
58
47
85
47
66
40
18
56
74
63
196
11
28
14
14
47
82
125
35
40
71
164
54
98
22
139
84
85
16
14
183
62
18
32
121
84
95
1
24
8
178
68
13
134
97
11
184
7
211
157
39
101
36
2
105
100
220
151
74
42
102
101
44
119
20
102
114
24
70
36
84
157
159
51
40
72
69
23
57
24
46
36
7
7
107
9
144
35
8
35
107
9
31
85
26
33
103
65
9
94
95
133
5
128
64
29
139
101
52
30
18
170
55
139
5
62
63
13
134
43
61
21
10
18
61
164
127
69
7
89
76
75
89
152
11
62
16
43
146
37
127
66
114
61
15
131
26
96
82
29
13
62
130
142
46
15
19
67
45
57
109
184
83
6
29
51
74
44
38
53
187
18
66
2
22
49
1
23
