3
10
4
121
147
60
47
5
13
79
54
80
27
7
54
70
80
91
8
102
29
13
58
73
74
53
97
84
15
59
21
48
81
74
78
78
90
12
34
70
32
74
45
0
90
73
100
72
77
6
92
14
14
96
62
78
51
13
71
27
37
32
30
65
85
37
87
58
49
86
52
46
2
18
0
88
41
24
78
8
18
2
2
30
91
62
18
56
24
17
75
55
49
70
36
75
14
96
50
43
70
82
49
35
83
68
96
28
36
23
61
17
96
79
81
53
46
37
90
96
96
14
48
5
76
15
50
48
22
80
56
90
9
96
50
62
34
87
79
71
92
93
72
12
51
61
36
84
26
52
34
20
59
32
15
0
17
67
10
27
52
18
50
35
58
47
4
106
71
21
109
56
49
45
43
24
47
33
76
49
17
34
0
98
41
6
117
30
19
38
36
52
59
0
83
38
56
36
93
81
18
72
74
48
23
98
37
2
49
65
62
25
91
113
95
43
31
92
12
62
47
80
52
37
55
107
39
52
95
32
81
83
61
99
49
53
70
89
89
86
90
43
15
80
109
46
83
71
43
19
36
11
46
127
82
60
74
37
58
25
97
52
66
103
65
61
80
25
25
46
39
33
64
0
96
71
44
78
34
57
71
92
17
5
66
32
100
15
55
108
97
29
13
22
90
9
57
127
44
9
77
4
69
22
31
79
66
78
90
32
98
95
36
45
49
76
108
14
6
17
21
80
35
20
35
41
77
23
45
95
59
45
94
31
42
53
53
74
58
19
92
34
44
49
32
7
70
36
27
16
5
100
76
66
33
74
41
91
16
33
13
108
41
85
71
117
49
54
42
52
51
39
72
41
41
19
22
66
83
45
28
57
57
82
65
26
35
77
87
31
47
89
31
42
94
0
36
36
48
79
112
16
45
93
81
6
75
46
65
79
89
75
109
54
89
64
81
108
27
38
96
64
63
19
32
71
20
102
31
91
62
55
27
92
76
87
84
20
44
22
32
60
40
80
100
16
53
17
15
10
84
38
30
2
92
26
53
106
12
11
108
98
1
65
129
96
54
81
102
88
97
19
35
57
29
31
13
98
38
33
36
105
107
61
63
34
55
65
25
61
8
23
108
51
50
83
108
63
39
12
81
31
32
2
80
40
16
40
90
77
80
81
59
48
87
12
74
1
84
75
97
17
94
6
91
80
24
37
79
57
50
74
54
18
101
91
92
70
30
77
31
24
92
54
25
40
83
39
2
88
100
18
100
35
26
28
60
40
70
29
34
59
41
13
87
85
31
83
91
67
42
39
0
12
20
6
63
96
65
64
57
32
74
99
52
55
17
79
38
28
51
77
3
16
105
83
99
57
55
100
48
64
0
85
71
19
14
79
16
4
0
35
97
45
16
99
13
6
82
60
55
13
51
72
36
42
66
51
68
54
57
71
64
37
59
33
111
12
82
77
5
20
85
73
85
97
18
49
18
92
100
48
52
42
75
81
49
84
102
14
33
24
87
88
73
62
85
3
69
75
59
68
80
33
13
13
100
97
32
41
99
54
63
90
35
81
88
114
84
83
102
86
84
71
8
58
95
49
5
86
100
90
58
102
93
80
80
58
38
92
98
81
45
57
89
76
4
71
21
43
30
33
5
25
68
67
103
63
9
97
86
6
94
35
94
55
82
56
100
83
51
102
16
17
36
0
26
105
7
10
59
13
9
26
23
2
43
46
42
42
76
27
18
54
56
35
36
10
19
39
84
22
14
15
98
92
14
29
75
83
47
100
75
57
57
9
32
52
18
42
31
63
57
30
81
52
20
103
81
26
61
86
61
32
58
0
34
21
39
103
27
54
46
81
66
32
78
63
106
46
19
28
5
1
85
51
28
84
97
3
58
9
14
101
22
10
20
64
49
18
100
65
99
2
40
92
70
19
97
1
59
64
109
69
48
79
61
103
81
81
106
72
93
32
100
25
66
93
110
11
64
74
37
75
63
33
49
84
105
52
24
95
66
8
52
43
41
51
80
16
61
12
42
53
100
12
94
68
42
36
74
37
70
50
9
28
61
16
81
88
84
93
16
42
99
31
40
112
104
33
43
70
53
15
100
47
14
73
10
20
21
68
76
65
19
53
48
93
25
82
32
89
44
40
62
87
99
106
31
48
57
88
63
87
100
19
58
79
51
73
81
35
21
40
10
86
62
74
17
41
33
74
83
48
73
21
3
96
89
60
10
112
82
69
94
99
21
90
40
65
20
55
21
57
63
73
103
62
83
31
24
38
54
7
40
38
44
32
5
70
39
17
84
56
61
85
70
16
26
105
68
82
0
60
6
34
21
97
47
15
32
84
23
74
99
39
20
40
95
12
57
82
15
24
48
67
84
6
37
93
26
46
85
90
58
57
25
56
37
54
41
55
59
82
25
113
51
85
100
11
63
83
44
87
17
12
14
61
7
95
78
11
2
82
1
55
62
13
47
31
0
61
85
106
37
100
45
40
14
51
74
117
33
61
95
100
18
116
50
54
87
39
5
7
93
50
16
77
71
3
55
95
46
37
17
98
